103,3
103,2
103,1
103,0
102,3
102,2
102,1
102,0
100,4
100,3
100,2
100,1
100,0
98,4
98,3
98,2
98,1
98,0
95,4
95,3
95,2
95,1
95,0
92,3
92,2
92,1
92,0
91,4
91,3
91,2
91,1
91,0
90,4
90,3
90,2
90,1
90,0
89,4
89,3
89,2
89,1
89,0
88,4
88,3
88,2
88,1
88,0
86,4
86,3
86,2
86,1
86,0
85,4
85,3
85,2
85,1
85,0
0,9
0,310
0,305
0,308
0,304
0,303
0,302
0,307
0,12
0,10
0,8
0,0
0,300
0,299
0,298
0,297
0,433
0,296
0,432
0,295
0,431
0,294
0,430
0,293
0,429
0,292
0,428
0,291
0,427
0,290
0,426
0,289
0,425
0,288
0,424
0,287
0,423
0,286
0,422
0,285
0,418
0,284
0,417
0,283
0,416
0,282
0,415
0,281
0,421
0,280
0,414
0,279
0,413
0,278
0,412
0,277
0,411
0,276
0,420
0,275
0,410
0,274
0,409
0,273
0,407
0,272
0,406
0,271
0,419
0,270
0,405
0,269
0,404
0,268
0,403
0,267
0,402
0,266
0,388
0,265
0,387
0,264
0,386
0,263
0,399
0,262
0,385
0,261
0,384
0,260
0,383
0,259
0,382
0,258
0,381
0,257
0,380
0,256
0,379
0,255
0,378
0,254
0,398
0,253
0,377
0,252
0,376
0,251
0,375
0,250
0,374
0,249
0,373
0,248
0,372
0,247
0,371
0,246
0,370
0,245
0,369
0,244
0,368
0,242
0,367
0,241
0,366
0,240
0,365
0,239
0,364
0,238
0,363
0,237
0,362
0,236
0,361
0,235
0,360
0,234
0,359
0,233
0,358
0,232
0,401
0,231
0,357
0,230
0,356
0,229
0,355
0,228
0,354
0,227
0,353
0,226
0,352
0,225
0,351
0,224
0,397
0,223
0,350
0,222
0,349
0,221
0,348
0,220
0,400
0,219
0,347
0,218
0,396
0,217
0,346
0,216
0,345
0,215
0,344
0,214
0,395
0,213
0,343
0,212
0,394
0,211
0,342
0,210
0,341
0,209
0,340
0,208
0,393
